<?xml version="1.0" encoding="UTF-8" standalone="no"?>
<!-- Created with Inkscape (http://www.inkscape.org/) -->

<svg
   width="29.300362mm"
   height="43.51646mm"
   viewBox="0 0 29.300362 43.51646"
   version="1.1"
   id="svg1"
   xmlns="http://www.w3.org/2000/svg"
   xmlns:svg="http://www.w3.org/2000/svg">
  <defs
     id="defs1" />
  <g
     id="layer1"
     transform="translate(-19.859132,-25.28513)">
    <g
       id="g2">
      <ellipse
         style="fill:#a15b7b;fill-opacity:1;stroke-width:0.264583"
         id="path1"
         cx="34.509315"
         cy="38.416031"
         rx="14.650181"
         ry="13.130902" />
      <path
         style="fill:#a15b7b;fill-opacity:1;stroke-width:0.264583"
         d="m 27.889602,50.027652 c 0.64117,2.784445 1.534864,5.440568 2.170398,8.247509 0.137893,0.609034 0.188018,1.235726 0.325559,1.844839 0.105961,0.469249 1.050864,3.562149 1.085199,3.689675 0.193503,0.718728 0.304369,1.455704 0.5426,2.170396 0.25291,0.758732 0.444606,1.386462 0.542599,2.170398 0.0024,0.019 -0.0016,0.651119 0,0.651119 0.05116,0 0.08774,-0.06177 0.108519,-0.108519 0.125524,-0.282427 0.266568,-0.564777 0.32556,-0.868159 0.460044,-2.365944 0.45317,-4.678667 0.759639,-7.053792 0.04787,-0.370998 0.290807,-0.993724 0.32556,-1.410758 0.02103,-0.252338 -0.02796,-0.507973 0,-0.75964 0.0089,-0.08039 0.09266,-0.137723 0.108518,-0.217037 0.02127,-0.106413 -0.02355,-0.219626 0,-0.325562 0.107268,-0.482698 0.377693,-1.217658 0.651119,-1.627796 0.08513,-0.127696 0.240432,-0.197866 0.325562,-0.32556 0.189645,-0.284469 0.01185,-0.594566 0.217037,-0.868158 0.04245,-0.05659 0.620313,-0.505632 0.651122,-0.5426 0.103563,-0.124277 0.127304,-0.299476 0.217037,-0.434081 0.05675,-0.08513 0.164402,-0.129307 0.217041,-0.21704 0.05885,-0.09809 0.04967,-0.22747 0.108521,-0.325559 0.119168,-0.198612 0.285798,-0.364662 0.434078,-0.5426 0.196498,-0.235796 0.451366,-0.41807 0.651119,-0.651118 0.402801,-0.469934 0.78282,-0.941157 1.193717,-1.410758 0.334796,-0.382622 0.767832,-0.688486 1.0852,-1.085199 0.05053,-0.06316 0.05133,-0.159843 0.108521,-0.217038 0.0572,-0.0572 0.159843,-0.05133 0.217038,-0.108522 0.203097,-0.203096 0.16791,-0.538927 0.325562,-0.759637 0.134625,-0.188479 0.29945,-0.354121 0.434078,-0.5426 0.152267,-0.213174 0.04453,-0.370093 0.21704,-0.542599"
         id="path2" />
    </g>
  </g>
</svg>
